-91 68 75 4 -103 60 94 -99 105 -122 -84 104 -48 57 -87 26 -5
-125 53 89 64 -102 49 115 -45 -43 -3 -28 111 94 108 19 33 54
23 58 113 116 -42 89 123 -127 -65 74 59 -24 99 -75 -21 24 13
42 -79 62 -100 -125 18 -104 104 128 118 83 18 22 -121 40 80 120
28 -91 -49 -107 -89 14 95 -31 118 66 22 97 89 34 -119 -119 95
37 12 -16 61 -13 -17 50 -59 1 -56 -52 -88 -105 67 -61 60 -111
-40 -30 31 -73 67 -108 -8 88 -12 -48 -6 -3 89 88 34 -28 -56
-34 88 55 -112 -100 55 88 105 96 -18 43 -94 -87 61 123 12 91
49 -50 111 -88 38 -30 120 31 -33 80 -10 -128 -77 62 94 -118 117
110 39 43 -60 15 -119 50 57 44 -37 -11 38 103 80 -42 52 62
