54 84 -115 95 96 -109 -9 44 23 104 -9 -61 -8 25 124
-125 -114 2 -106 -36 39 -120 11 -102 -103 -3 -21 -97 -45 72
-113 -120 -102 -99 -25 123 48 -35 38 -58 -60 28 9 60 -76
-125 -65 66 5 -43 -99 43 93 40 69 118 -92 -81 20 -8
-9 -93 128 17 -64 -26 -118 112 68 -81 53 7 75 61 -61
-1 64 -127 -64 69 -42 -34 -17 50 5 52 -90 42 -30 58
33 89 93 32 106 28 6 116 -118 73 35 63 -49 -19 123
-111 -21 -70 -110 44 -2 104 9 -20 -104 -115 -97 -66 55 -127
-8 87 -39 84 -9 -62 -16 -4 54 122 68 -40 -72 -110 -60
-78 36 48 108 -75 91 -23 29 -29 86 53 -16 -12 116 39
-11 -21 -3 79 62 -13 16 -83 -18 69 39 -79 28 95 68
97 16 103 -113 -4 -101 106 -28 56 -52 -71 -19 -69 46 96
