33 43 -104 125 -36 108 33 -57 -3 3 -80 25 -33 59 111 81 -80
-72 125 -11 106 73 -17 9 -102 -9 77 -51 37 -26 -22 -59 16 -127
65 -21 109 -31 50 105 -29 98 -128 66 -101 112 -111 -53 -89 -114 -65
16 87 -82 24 113 37 -28 -66 -55 -55 -89 -115 89 -88 78 -61 21
47 117 125 -111 -43 126 84 -15 109 -28 -69 19 -14 123 34 -56 -88
-70 -71 77 -99 119 -106 -25 29 35 -65 69 -15 -126 89 -97 119 86
-80 -52 83 3 -68 63 104 -9 81 89 -15 114 -95 25 43 90 102
73 -49 -5 47 108 -99 -19 48 -115 -17 9 -84 -26 -34 93 -79 48
95 -19 110 -59 100 62 -98 85 47 63 109 90 24 82 34 103 -52
-48 82 -22 61 -128 -9 44 -120 -93 -111 -26 -1 -62 -107 93 -82 -126
