71 -5 -48 111 95 29 108 125 115 -95 -11 96 -112 8 -17
-66 56 -127 24 90 80 22 17 64 -46 -72 -25 115 -45 -127
-87 25 -4 -7 -122 90 22 114 -43 -121 18 75 103 34 82
-42 96 10 87 119 99 38 12 115 101 94 -85 76 -48 126
77 -7 -107 72 -15 -101 34 6 12 119 14 29 -64 -12 -66
-110 -55 29 -101 -96 19 126 -59 31 112 42 124 26 117 -53
23 65 -61 -85 -121 53 70 -88 -70 -47 31 72 110 95 60
43 -16 4 71 11 -93 -38 -121 105 -8 -9 -111 -13 -112 -123
-66 -89 -59 1 82 -52 -75 24 -11 112 -24 19 -74 86 -15
114 0 -31 -10 71 108 -104 32 -13 -128 -105 -23 -111 10 -7
-106 72 -97 -37 -55 -15 -89 126 -120 -101 109 -16 46 35 -59
30 20 -59 127 9 -117 -22 34 43 93 -95 66 -59 -77 75
-67 -55 -110 93 -92 91 -51 75 -41 -43 102 -60 -60 19 -26
