-38 -46 -35 34 -78 -115 -70 -11 70 66 -75 -97 108 -92 -20 -115 106
-72 -47 31 -96 -29 -47 -95 8 36 -96 -109 -110 -89 -99 109 -6 -6
-115 -85 7 71 32 77 -120 86 108 116 122 87 1 -29 -113 82 -127
47 -76 -46 81 60 -11 -16 -50 -121 -106 -21 -13 -113 101 0 -69 108
71 91 56 79 -81 -94 -63 41 122 66 -117 8 20 12 -74 -57 -34
6 -125 -46 -11 81 -39 12 -68 -53 27 32 76 -43 11 -111 48 66
96 95 101 32 7 -35 -30 -111 101 -11 30 26 60 124 32 -66 77
-108 -113 -90 32 75 -15 59 -22 60 15 -11 77 -66 -74 -85 -99 26
76 -93 -10 45 -75 -38 -95 -46 -12 -36 -51 -109 27 -103 -89 -87 63
-57 116 48 1 -35 107 -113 82 56 78 8 -30 107 -95 -83 13 -105
90 -63 -15 -6 19 -28 87 -33 -9 113 121 -98 -103 -74 101 12 102
-27 105 81 116 -70 -121 65 66 -23 -86 -30 -106 -73 -7 -17 -8 -22
106 -117 -51 -65 -22 -60 47 98 -30 -57 -104 70 83 -3 42 -70 -51
29 -12 84 94 53 61 -121 23 83 -66 15 -63 -74 -8 42 -63 70
