-106 128 -120 13 -110 -93 78 -98 -102 -35 92 112 -110 -86 -111
120 -115 50 -18 -105 97 91 -13 -18 -77 -65 111 -115 -56 -21
55 -34 106 -66 108 124 -31 -72 -103 -5 21 117 107 -90 31
124 30 -85 -84 11 66 -115 -27 -75 123 25 -12 105 -91 61
83 -37 26 60 -103 -124 55 -6 -68 -49 -11 81 -60 95 -9
-30 90 20 13 6 -98 -49 -110 -126 -125 -116 -102 -9 -12 -65
51 -58 -102 -51 1 -77 -47 55 -84 14 -123 -96 94 73 127
84 -86 89 -25 -73 94 5 -123 112 8 -120 -5 34 127 -18
-31 50 -77 123 -2 52 -83 79 -22 -39 92 -17 -6 -71 -72
-8 -116 98 80 -12 24 -84 121 29 -101 128 -92 -107 -95 -93
3 2 85 54 -4 -46 105 -88 32 -46 -128 124 -63 -6 -76
