8 -108 114 -116 -81 -72 -43 18 36 69 -61 -68 96 44 -95
16 -107 2 43 107 26 109 46 -99 -11 -62 40 69 99 0
1 -22 -109 114 118 -62 41 -54 85 -52 -114 -105 8 -19 -61
-88 -4 -40 43 -89 66 68 19 -17 98 7 -80 -120 -52 -110
8 77 124 28 62 113 94 -26 58 -79 -79 -57 73 -72 -76
-117 97 48 99 -118 -42 36 78 106 18 -82 -16 66 -73 -69
-45 63 -121 -50 90 -60 62 56 -87 -9 -24 90 -67 -80 -110
-15 59 -14 -95 29 -4 -9 64 -55 -32 -47 -8 -48 18 47
11 101 109 -110 50 71 86 -17 126 -1 -27 -27 -40 35 -107
-22 -109 80 92 -76 -19 87 -85 44 32 -118 126 -105 90 15
-59 101 116 49 119 37 -9 -53 -108 116 74 -7 89 -94 -101
110 -117 47 61 -25 -30 41 -67 13 -43 93 24 82 -13 -15
96 -73 -43 83 -24 75 -8 -34 22 -117 -46 -33 -125 -86 1
31 -105 -116 -51 -45 -13 47 -4 -81 -68 -48 12 -45 33 -2
-61 0 -75 -104 -45 29 -30 -54 123 120 -43 -52 -41 -40 118
-41 119 12 -29 67 -33 -43 -14 91 -124 -83 42 16 0 -54
-115 -62 74 66 -38 28 -34 61 -27 -39 52 58 -92 10 18
