126 -39 32 117 -9 127 68 110 -2 119 -86 -37 1 -98 73 -89 -55
-116 -75 -46 -66 -19 126 25 -30 -94 127 -79 120 -79 111 117 -118 14
105 1 -117 44 -18 9 -94 25 -28 35 -74 44 -55 127 -73 126 81
-11 -22 78 13 76 -16 11 125 -25 61 -21 -36 71 -8 68 -57 4
-16 -75 12 -111 -51 -17 -77 -126 -102 124 -127 -46 121 82 -58 98 -98
84 -83 -115 94 41 -11 26 -109 -48 96 -117 -109 39 -114 -126 92 -103
-109 40 9 -58 42 35 -63 -86 -12 57 -5 59 27 26 -115 72 39
107 112 27 -124 3 107 100 14 -2 10 28 0 101 53 20 12 61
-39 54 96 27 -33 -45 -45 91 13 -19 116 -103 52 -103 -124 36 53
-120 -90 -98 -21 -77 28 118 -50 28 -39 2 -81 102 -65 8 -102 -98
34 -7 113 118 83 126 98 70 -106 22 96 26 57 -109 34 95 -79
13 17 -51 2 95 105 91 -32 23 -65 31 30 89 -68 -64 82 -83
-75 36 42 22 -22 -65 -85 73 90 100 92 123 -63 12 7 82 89
-120 48 -64 -29 -112 87 -95 -82 -11 123 -21 -76 76 -105 -23 -17 -64
-2 -40 -1 42 -96 -40 -116 124 83 -50 8 -39 31 96 98 -49 32
-60 95 118 101 12 106 95 -10 -99 42 -116 -123 25 -52 4 113 76
-83 -111 35 57 12 -11 -122 19 79 38 115 -81 -12 18 -13 82 7
