-31 34 -54 -34 112 7 81 0 -76 63
68 91 112 -32 -72 -78 -64 -57 -104 -49
67 -76 56 39 108 3 96 88 62 13
55 31 -81 0 125 -98 -121 -52 -99 -69
-118 -31 21 123 65 77 44 0 -109 69
-50 -42 121 -123 125 -29 8 -37 59 69
105 -15 -29 23 -15 95 -76 120 -85 82
-78 -75 -78 -58 47 -14 -110 -37 114 37
-97 -65 -6 23 -60 -10 -7 -53 82 -77
-113 -71 -92 115 -49 21 -48 -126 -117 -5
-45 -67 -80 -124 3 -34 -10 -108 57 -25
57 -41 38 51 -19 -23 -88 -26 52 -7
25 -61 -79 -68 53 128 -48 -124 -126 -37
128 85 -105 47 90 -103 -116 -49 -83 -59
55 -26 -101 92 -104 9 -59 64 -18 -8
