34 17 -65 64 -27 -18 -2 -46 -57 21 35 -24 123 112 -73 76
89 -13 -53 79 -98 -44 -15 -81 -71 -17 113 79 -52 30 -48 110
-81 16 -84 20 -3 -87 -27 68 -67 -120 -85 -73 -9 -30 2 -49
-44 77 29 -13 -96 -114 34 90 -3 -110 40 -56 48 120 53 95
-122 -32 115 3 -120 87 70 -59 95 113 -4 85 82 -3 -93 -90
-54 65 -104 106 -50 58 67 -54 -53 -22 19 -5 98 71 89 104
-89 75 -21 -81 -95 -80 117 128 33 112 85 114 -19 -9 23 55
55 47 -97 -124 105 99 79 -77 76 -31 -83 45 39 -122 -108 -51
81 127 -3 114 46 113 -15 -50 96 69 64 -52 59 -42 2 -14
5 34 118 -19 4 68 -97 79 36 -51 124 -53 -45 15 24 35
13 20 -108 -70 4 -124 -120 100 73 -57 -81 -126 -100 50 -12 33
-45 106 13 -42 -84 -84 36 81 -7 31 27 -53 -83 50 -19 -71
-58 1 -12 -55 5 124 -84 77 -62 92 -49 -34 13 67 -1 -33
-85 -117 -76 -40 -73 88 40 -81 119 -62 -6 -93 116 104 93 57
104 80 2 109 75 -83 -72 -116 -120 7 106 -108 74 -24 115 117
116 -90 76 42 127 -13 90 117 53 83 23 -88 -71 -13 -32 -95
-62 98 13 12 15 69 -105 -106 76 -127 -85 21 105 -99 9 -37
