-119 -80 122 -50 47 -126 89 -104 -93
-126 117 -60 -61 57 -9 -115 -11 -64
31 -47 100 -7 30 46 81 -14 19
20 -74 37 122 -65 -44 -14 -116 -126
116 101 26 -106 103 -115 91 41 70
81 54 -69 16 85 -117 -13 77 42
-96 29 27 -78 48 -48 -42 -88 15
-86 -102 27 -84 -115 127 -58 36 -28
-45 126 -116 -103 78 -62 84 -34 -106
95 -48 99 -121 -15 128 35 -94 -82
-14 121 -41 -127 -94 113 -101 78 126
26 -109 -96 126 -25 -99 10 0 -21
-53 -45 73 97 49 -104 -62 57 -120
-63 91 43 112 -52 35 70 -51 69
54 105 -111 -78 2 -91 -45 127 12
