-24 -86 -119 -106 -116 107 -35 36 48 47 -96 -39 106 110 -11 -35
65 -46 18 125 90 40 79 23 -74 16 77 -82 57 13 116 33
-73 -4 -74 67 102 20 -26 -108 66 6 109 43 -13 -31 8 52
-77 -103 48 12 65 127 34 -10 -115 -17 36 -59 -5 -106 102 50
-111 -100 -12 -10 -81 -39 10 113 96 118 28 82 87 -93 -124 -119
60 -76 -108 124 -78 54 113 63 36 21 -125 31 -86 106 -48 60
5 -60 -79 52 29 -69 -93 124 -80 -66 -51 6 97 -47 -114 28
5 -94 -106 -74 89 -121 117 124 -101 -8 26 -59 97 -22 0 -27
46 50 24 74 -20 59 70 -101 122 18 34 90 99 48 118 104
-46 -117 -99 42 -110 -110 37 -83 10 63 115 -22 -88 -14 -50 86
35 102 -98 14 -97 -29 42 24 117 -53 114 88 -6 103 63 76
-15 -37 -11 -125 -19 -102 48 -10 89 34 -33 0 20 45 85 54
-111 115 -60 49 -42 110 -56 -54 56 57 33 49 31 95 -3 16
-70 114 19 -90 11 -62 29 99 -28 -5 98 -9 40 54 -84 -72
41 -16 105 -2 93 49 -57 -109 -23 -24 69 8 -58 -63 -105 128
50 42 -90 61 -21 -62 -98 -50 61 -128 69 100 54 114 -100 94
97 4 -37 -67 52 -94 -48 -99 10 -108 -92 -49 -43 -69 -49 7
