9098   -21209 -2789  -15461 11148  1187   6507   -5055  -12509 11456  -10682 4991  
8474   -16115 -37121 -19394 28714  475    -10308 21876  18174  -16542 -12073 -25432
-9889  17989  16155  37153  4822   7072   7303   7400   271    4305   3431   22107 
11614  15945  27164  19451  4345   9422   7349   63     1000   6364   5945   22052 
-1762  -14325 7943   17825  -40278 6936   -13528 -17882 18959  2510   -7324  3789  
2906   2733   -9402  -2031  -8912  -4343  451    -2104  -1923  -9206  -5298  -12974
14442  -11727 -18917 -6634  -19592 13355  -27817 -3079  -6307  -10113 4051   -9053 
15138  61     17315  7674   -27856 4773   -19625 1311   33459  -4527  1945   -6849 
37628  7896   27464  -4151  12866  13899  -16741 19988  3462   13071  9187   6340  
-3545  -11663 -6856  -21889 11048  -19085 7297   22771  -1308  -16598 5159   -9363 
-10244 5786   8591   25518  27082  12242  8470   7432   506    17356  -3284  20717 
