-20844 20372  -19910 3785   21958  -2025  -23877 -25581 -7606  -350   -3165  8794   -24035 -9286  -51778 28961  20351 
-48841 7704   -28756 3428   10213  6393   -32423 -16341 12664  15311  8692   20187  -7741  6575   -22734 32987  17733 
-17642 -30577 -12501 37226  23795  33     -4138  7413   -11708 34645  -19854 22599  -20404 3603   -4878  18088  2651  
29976  5599   19679  51660  2381   10448  36879  49178  25807  -40766 50357  -36316 5289   -30021 -6122  24976  18961 
-22731 3552   -6828  9224   10672  -7503  -5235  -9884  40199  -14047 69166  3841   3454   -57745 -53545 21659  -14562
-2725  17936  6672   -4304  -2095  6206   5621   -12065 -28645 13938  -41485 -11004 -6353  -9849  2108   -25638 3608  
-2348  32209  2142   -35538 -25870 -1944  -27532 -2903  9406   3309   12943  25881  3987   28127  2384   12305  19261 
-10280 6280   -6652  5062   -22135 21504  -25842 2664   1083   3718   16105  -17046 -4558  12724  -8630  5101   26176 
-3095  -27043 -32895 -13869 -38559 -8600  -54922 -11992 20798  7303   3235   -11152 4050   33573  -10126 -5991  -2956 
-17739 24999  20092  -3700  -12170 35497  -16019 12361  6108   34419  12611  16021  -5201  2311   497    16785  24715 
