-15932 13216  -47808 37068  -22141 -5567  -33868 -22585 -57755 -12581
-4487  -2384  23911  -8432  -19096 -4737  29991  34031  66738  10084 
-1477  -1518  22302  -13078 -2391  11609  -1454  7642   29649  9072  
-10699 -21939 -33039 6630   -18351 -7101  -11052 2021   31489  -10858
-1909  -21835 -17042 -27421 36985  -12619 4267   -17158 49872  -19352
-28417 4849   -10393 -1353  -35375 13326  3381   -19975 -19212 -6781 
-985   -14372 -5777  20970  12396  -6406  -17568 3356   -13763 20104 
8142   25079  33064  1526   -8303  13532  11068  39445  9408   18302 
-32579 -1850  -937   1356   -24885 -13346 -2998  -26297 -9715  -13983
20136  -541   -17732 -7566  19301  -37270 -39324 -26951 -5796  -19337
8836   6497   -34003 22809  10374  -1826  -11856 -11376 -47405 -10098
29602  9510   -1389  35029  -19245 12390  21232  55713  -399   11801 
