20767  3516   7979   35686  -16599 -19840 33505  -3745  -22963 13652  58613  -15615 19632  43088  37343  51839 
-5195  -14104 38454  8559   -46164 -22583 19581  33984  -8775  14338  45813  15275  -33692 30257  -948   10637 
-34821 7091   -11025 -13963 -29503 -4637  32919  -6337  -21544 -22619 -8984  32319  2755   -710   -23296 -9548 
-1709  -5388  21275  31310  -18855 17766  -8015  -42606 -38772 23900  16681  40016  31116  5272   -307   22852 
-3299  6148   -51777 37615  -25050 9442   22970  -30721 -22104 9773   30102  1770   24237  14833  20461  36026 
-13345 -36424 10689  -19860 19448  14932  16122  -3485  71519  -4035  -49029 -3363  -7963  -42020 -28602 -66924
-5406  41936  6241   9280   9235   -15100 9049   24526  20945  -18263 18421  -25657 -7489  -20993 29671  -6072 
-10614 -4344  12071  -14197 -1083  -11962 -13934 -28517 -6500  -13909 -15615 13940  28516  -10952 -13603 4165  
4909   -4831  -19863 7375   12041  15795  -1588  644    17985  1055   -11993 -54221 9439   16354  -17810 -19389
22632  2352   -9509  18391  -16070 -82042 2967   12537  -69932 -618   30662  15234  -35489 15970  27609  47279 
