21736  7715   -6969  -6631  -20951 -12697 -17973 -3649  -11126 867    -17622
7318   22207  -24925 -651   -1210  6536   3688   -6344  10561  -6115  -5235 
-3816  -21788 15198  -18650 2411   -82    -7601  -2902  -10458 5479   12154 
6704   1986   7826   14539  -9231  -6083  11     5814   -21851 7848   -3627 
-613   1266   4963   12644  -3000  -9870  -1330  6223   10461  -5066  -13199
3014   -15551 11265  -10159 -8974  -9197  -17464 2593   426    3236   -8490 
-6063  -17221 2918   -5438  -8396  14709  -17558 11999  -2739  23924  -615  
-22873 -9199  -1900  -160   17617  23735  9919   5913   16199  8067   16679 
-14886 14929  -12537 15005  19961  19160  27307  36     9227   -3000  16435 
-17004 -23446 25194  -3335  16771  4324   11909  855    -14468 4563   25964 
8061   -9815  24996  10767  -10531 -25150 -6023  4699   -18074 -2416  -10598
1220   39268  -34730 5994   16265  3254   25197  -14874 35226  -30655 -3034 
-13144 -44076 33806  -9837  -4566  6913   -18772 14726  -23665 30025  12867 
