-5266  7246   -1242  -2226  -11082 -4914  -1010  5650  
-212   6259   10382  -11275 -3139  -8524  -16904 6985  
2377   13766  -15781 -6453  -931   935    9820   9103  
-5213  -26451 -4487  -26231 17197  18494  1076   -15340
-9515  5717   -5833  -6264  -8761  8839   5438   7274  
3395   -7385  11567  -7664  2073   -15520 -16997 -6493 
-1935  7535   24913  -1612  -4781  -3868  -24801 10905 
13785  -14089 8965   -4425  23453  -1123  -10715 -11179
-13808 -16460 8286   -17332 -5727  2932   -10202 -7826 
9385   3146   4807   17488  2609   -9300  -856   -1551 
5973   -429   -4945  14390  11038  14794  13181  -737  
-11129 -13135 10577  -4205  -17565 -20544 -12908 -11392
16245  16663  -11013 16660  6798   -6938  11075  6437  
-9367  22553  6905   -6283  -9264  17790  -6078  25756 
5713   -19274 5293   -5140  21391  12405  -2729  -12476
1916   3317   -7530  1218   4517   8529   8646   2675  
-11620 -2926  394    -6930  -20331 -17436 -5230  -3848 
