-3688  7024   -2422  -2479 
-7104  12050  14098  21784 
7281   4126   -4426  -26937
-8536  5157   -7242  -5432 
9584   -12674 -12740 -2249 
425    13268  -3044  13849 
-667   4541   2616   -2763 
2415   -2169  -830   -2718 
-6762  -2754  5362   -11877
8398   -7846  6880   -21739
784    2451   -9302  -6977 
8045   -7773  -10622 9100  
5224   -3870  -6964  -4277 
-4631  -10424 -15080 17058 
8798   4696   -9742  -2827 
2916   -10522 -24946 7643  
-31084 -11144 40944  12121 
-8225  13921  652    26873 
