-21872 558    -22426 -13396 547    -36182 14609  -23198 -9207 
-6323  10019  -11420 13286  30687  -35188 -11474 3021   -23357
-22874 -6399  -33533 38716  -20962 -7414  -47263 42528  5818  
18789  60650  -18589 -62760 26475  -20723 -18827 19380  -18051
-11952 -24682 18606  -13235 -19392 20384  6302   -47873 -26583
2550   3486   -6277  15243  -7536  26507  1930   -11852 19182 
-31865 15903  -16889 35210  5104   -28247 -31521 15660  8265  
-902   -1323  17584  -8967  18805  -1078  22661  -34480 -29084
37354  -3739  7253   221    -21229 32157  26357  -7160  15539 
3661   -722   -8659  11086  18277  -39730 28044  7827   10172 
-24058 1984   -15317 20727  -44460 48451  -55964 40260  29985 
7350   -30412 -4275  -6277  -10957 -5649  7120   -30251 -49632
3849   1185   -19056 14955  -43064 35466  -31244 14449  20643 
