-3610  13359  27631  -1443  12164  23414  -10648 -55971 -14636 6242   -6908  -20475 -21426 -32227 29242  -1847 
28069  11981  50827  6835   40119  12714  -15207 -36253 -8832  -9662  -10260 1638   -19795 -31355 -6659  -4150 
-16181 -871   -30253 19603  -41008 -21339 54541  -3923  43377  16573  42226  38517  -7811  31236  39065  29901 
-5328  -7465  28067  -53835 8651   -2534  -11767 31509  -24498 -10318 -36688 -23969 -10011 -35543 -24470 -48201
-16600 -15013 10010  -596   19852  26934  22274  -26290 -17740 22735  16961  -29359 21401  -5190  58492  2800  
-11121 2095   -14133 -35674 -39006 -39348 -18469 11867  27784  -4795  -19165 14128  -1863  -894   -21898 -24452
-13595 24363  7674   -2193  4206   34475  -1120  -32088 27519  11636  22908  458    13456  11568  23707  9556  
-2564  -17728 19168  -15131 -15656 -27744 12113  14571  5308   10587  -31145 4737   -5789  -37794 11465  -15488
-1985  5387   11617  -13555 -7314  43237  -13278 -26901 -7353  3284   -41536 -18632 -19696 -10770 26275  -24159
-2970  -7760  -26591 58513  -8374  24855  47241  -13665 9165   27087  25039  5554   -7733  31809  47536  23511 
23124  -24742 -23259 -1855  -21967 -16814 -27145 -17507 7071   -23855 874    4505   -13797 -17691 -37657 24213 
2593   -8259  22518  12587  66527  15308  -6064  9727   -60821 -24858 21858  -30103 20821  -40631 27191  -6008 
-21030 -4749  482    -53506 -873   788    -16780 22754  -11257 18134  -36585 -12731 25366  2343   -17726 -27948
4901   -13525 14053  1154   16952  32922  25722  -18633 9240   5131   -2634  -633   -8100  -21318 20881  1031  
